5001 35.0962 35.5828
5002 -17.5176 -12.0994
5003 -0.652868 14.9586
5004 -2.19071 16.5725
5005 21.7352 1.89263
5006 -17.5176 -12.0994
5007 -3.24705 16.0204
5008 8.09731 -18.2695
5009 22.3875 -28.0334
5010 0.653623 -27.3962
5011 -9.42217 -4.04701
5012 34.7197 -12.691
5013 -43.6153 23.8201
5014 14.6542 17.4013
5015 -12.4759 -2.45569
5016 -13.1204 -8.93763
5017 1.09814 -7.46811
5018 -2.22973 17.1009
5019 54.4138 14.0548
5020 54.6948 14.0698
5021 11.7667 -43.7831
5022 -5.67642 -46.446
5023 54.7201 1.84636
5024 -45.6252 15.6972
